0 96
1 94
2 96
3 96
4 94
5 92
6 91
7 92
8 90
9 89
10 88
11 87
12 85
13 86
14 87
15 85
16 85
17 84
18 84
19 83
20 81
21 82
22 81
23 81
24 80
25 80
26 78
27 80
28 79
29 80
30 79
31 78
32 78
33 78
34 76
35 78
36 77
37 75
38 77
39 77
40 77
41 77
42 77
43 77
44 77
45 77
46 75
47 77
48 77
49 77
50 79
51 78
52 78
53 79
54 77
55 79
56 77
57 77
58 78
59 77
60 77
61 78
62 80
63 80
64 80
65 81
66 80
67 80
68 81
69 82
70 82
71 83
72 81
73 83
74 84
75 85
76 86
77 87
78 88
79 87
80 89
81 90
82 90
83 89
84 90
85 91
86 93
87 94
88 95
89 96
90 97
91 98
92 99
93 98
94 100
95 101
96 103
97 104
98 105
99 106