0 96
1 94
2 93
3 91
4 91
5 92
6 90
7 89
8 89
9 89
10 88
11 87
12 85
13 84
14 85
15 84
16 85
17 84
18 82
19 82
20 83
21 82
22 81
23 81
24 82
25 80
26 78
27 79
28 79
29 78
30 79
31 78
32 77
33 78
34 78
35 80
36 81
37 79
38 79
39 77
40 77
41 79
42 78
43 78
44 79
45 77
46 79
47 78
48 76
49 77
50 76
51 78
52 76
53 77
54 78
55 77
56 78
57 78
58 78
59 80
60 79
61 79
62 80
63 80
64 78
65 79
66 80
67 81
68 83
69 82
70 82
71 83
72 85
73 84
74 85
75 86
76 86
77 85
78 87
79 88
80 89
81 89
82 91
83 92
84 91
85 92
86 93
87 95
88 95
89 97
90 95
91 97
92 99
93 100
94 101
95 102
96 103
97 104
98 104
99 106